# Camera response curve, channel IR
# data layout: log10(response) | camera output | response
# name: IR
# type: matrix
# rows: 256
# columns: 3
 -1.128732e+00    0 7.434773e-02
 -1.128732e+00    1 7.434773e-02
 -1.103760e+00    2 7.874801e-02
 -1.087911e+00    3 8.167498e-02
 -1.074992e+00    4 8.414099e-02
 -1.055554e+00    5 8.799260e-02
 -1.038381e+00    6 9.154181e-02
 -1.022964e+00    7 9.484960e-02
 -1.004675e+00    8 9.892938e-02
 -9.914749e-01    9 1.019824e-01
 -9.792823e-01   10 1.048860e-01
 -9.697784e-01   11 1.072066e-01
 -9.608080e-01   12 1.094440e-01
 -9.448469e-01   13 1.135411e-01
 -9.268224e-01   14 1.183526e-01
 -9.156412e-01   15 1.214392e-01
 -8.991817e-01   16 1.261300e-01
 -8.884836e-01   17 1.292755e-01
 -8.779901e-01   18 1.324372e-01
 -8.666879e-01   19 1.359290e-01
 -8.567700e-01   20 1.390689e-01
 -8.462128e-01   21 1.424909e-01
 -8.375022e-01   22 1.453777e-01
 -8.300942e-01   23 1.478788e-01
 -8.195922e-01   24 1.514983e-01
 -8.120781e-01   25 1.541423e-01
 -8.011177e-01   26 1.580819e-01
 -7.904291e-01   27 1.620208e-01
 -7.822263e-01   28 1.651101e-01
 -7.693254e-01   29 1.700884e-01
 -7.544397e-01   30 1.760193e-01
 -7.465258e-01   31 1.792562e-01
 -7.311946e-01   32 1.856972e-01
 -7.199126e-01   33 1.905844e-01
 -7.092355e-01   34 1.953280e-01
 -6.960863e-01   35 2.013324e-01
 -6.873880e-01   36 2.054055e-01
 -6.799049e-01   37 2.089754e-01
 -6.679037e-01   38 2.148307e-01
 -6.578587e-01   39 2.198575e-01
 -6.485089e-01   40 2.246421e-01
 -6.352177e-01   41 2.316233e-01
 -6.229406e-01   42 2.382645e-01
 -6.129832e-01   43 2.437905e-01
 -5.998048e-01   44 2.513016e-01
 -5.920696e-01   45 2.558176e-01
 -5.852247e-01   46 2.598815e-01
 -5.746491e-01   47 2.662876e-01
 -5.683149e-01   48 2.701999e-01
 -5.574396e-01   49 2.770515e-01
 -5.480154e-01   50 2.831292e-01
 -5.403687e-01   51 2.881584e-01
 -5.326053e-01   52 2.933558e-01
 -5.241858e-01   53 2.990985e-01
 -5.152968e-01   54 3.052834e-01
 -5.075683e-01   55 3.107647e-01
 -5.032912e-01   56 3.138404e-01
 -4.953825e-01   57 3.196079e-01
 -4.875333e-01   58 3.254369e-01
 -4.781070e-01   59 3.325776e-01
 -4.708636e-01   60 3.381711e-01
 -4.629938e-01   61 3.443548e-01
 -4.549500e-01   62 3.507922e-01
 -4.467382e-01   63 3.574883e-01
 -4.377893e-01   64 3.649310e-01
 -4.291545e-01   65 3.722592e-01
 -4.211343e-01   66 3.791977e-01
 -4.129218e-01   67 3.864365e-01
 -4.054561e-01   68 3.931370e-01
 -3.977169e-01   69 4.002055e-01
 -3.897168e-01   70 4.076460e-01
 -3.829612e-01   71 4.140367e-01
 -3.761294e-01   72 4.206013e-01
 -3.702583e-01   73 4.263259e-01
 -3.646179e-01   74 4.318989e-01
 -3.599047e-01   75 4.366117e-01
 -3.544958e-01   76 4.420834e-01
 -3.500082e-01   77 4.466751e-01
 -3.438617e-01   78 4.530419e-01
 -3.373987e-01   79 4.598342e-01
 -3.326383e-01   80 4.649023e-01
 -3.268254e-01   81 4.711667e-01
 -3.221579e-01   82 4.762578e-01
 -3.140652e-01   83 4.852157e-01
 -3.078830e-01   84 4.921722e-01
 -3.032244e-01   85 4.974799e-01
 -2.972410e-01   86 5.043814e-01
 -2.926677e-01   87 5.097207e-01
 -2.871587e-01   88 5.162277e-01
 -2.818193e-01   89 5.226136e-01
 -2.758515e-01   90 5.298446e-01
 -2.706830e-01   91 5.361879e-01
 -2.619226e-01   92 5.471135e-01
 -2.552273e-01   93 5.556134e-01
 -2.476412e-01   94 5.654039e-01
 -2.420929e-01   95 5.726736e-01
 -2.368079e-01   96 5.796851e-01
 -2.316666e-01   97 5.865883e-01
 -2.272714e-01   98 5.925549e-01
 -2.216449e-01   99 6.002817e-01
 -2.166460e-01  100 6.072311e-01
 -2.118910e-01  101 6.139161e-01
 -2.070185e-01  102 6.208426e-01
 -2.026296e-01  103 6.271485e-01
 -1.980152e-01  104 6.338475e-01
 -1.930038e-01  105 6.412040e-01
 -1.879296e-01  106 6.487396e-01
 -1.824297e-01  107 6.570074e-01
 -1.773371e-01  108 6.647570e-01
 -1.720321e-01  109 6.729268e-01
 -1.665600e-01  110 6.814594e-01
 -1.608129e-01  111 6.905373e-01
 -1.559479e-01  112 6.983162e-01
 -1.512622e-01  113 7.058913e-01
 -1.443423e-01  114 7.172287e-01
 -1.412992e-01  115 7.222720e-01
 -1.361661e-01  116 7.308595e-01
 -1.306406e-01  117 7.402177e-01
 -1.258634e-01  118 7.484049e-01
 -1.231718e-01  119 7.530576e-01
 -1.167265e-01  120 7.643170e-01
 -1.132013e-01  121 7.705463e-01
 -1.090555e-01  122 7.779372e-01
 -1.043272e-01  123 7.864531e-01
 -1.006726e-01  124 7.930990e-01
 -9.616239e-02  125 8.013784e-01
 -9.104698e-02  126 8.108733e-01
 -8.537280e-02  127 8.215371e-01
 -7.997957e-02  128 8.318029e-01
 -7.585675e-02  129 8.397369e-01
 -7.115514e-02  130 8.488772e-01
 -6.591965e-02  131 8.591725e-01
 -6.147802e-02  132 8.680045e-01
 -5.730171e-02  133 8.763918e-01
 -5.128738e-02  134 8.886129e-01
 -4.643558e-02  135 8.985959e-01
 -4.098246e-02  136 9.099500e-01
 -3.673944e-02  137 9.188837e-01
 -3.162787e-02  138 9.297627e-01
 -2.516072e-02  139 9.437116e-01
 -1.952160e-02  140 9.560452e-01
 -1.509501e-02  141 9.658396e-01
 -1.024983e-02  142 9.766752e-01
 -5.680833e-03  143 9.870046e-01
 -7.786227e-04  144 9.982088e-01
 3.929161e-03  145 1.009088e+00
 8.118571e-03  146 1.018870e+00
 1.286541e-02  147 1.030067e+00
 1.832957e-02  148 1.043109e+00
 2.254546e-02  149 1.053284e+00
 2.699072e-02  150 1.064120e+00
 3.112174e-02  151 1.074291e+00
 3.564361e-02  152 1.085534e+00
 3.967594e-02  153 1.095660e+00
 4.311727e-02  154 1.104377e+00
 4.753143e-02  155 1.115659e+00
 5.269136e-02  156 1.128993e+00
 5.655266e-02  157 1.139076e+00
 6.107057e-02  158 1.150987e+00
 6.420083e-02  159 1.159313e+00
 6.711595e-02  160 1.167121e+00
 7.055843e-02  161 1.176409e+00
 7.421882e-02  162 1.186366e+00
 7.743546e-02  163 1.195186e+00
 8.065212e-02  164 1.204071e+00
 8.435103e-02  165 1.214370e+00
 8.862717e-02  166 1.226386e+00
 9.239837e-02  167 1.237082e+00
 9.540229e-02  168 1.245668e+00
 9.881642e-02  169 1.255499e+00
 1.018200e-01  170 1.264212e+00
 1.056226e-01  171 1.275330e+00
 1.083657e-01  172 1.283411e+00
 1.114565e-01  173 1.292577e+00
 1.147751e-01  174 1.302492e+00
 1.191784e-01  175 1.315765e+00
 1.220949e-01  176 1.324631e+00
 1.251283e-01  177 1.333915e+00
 1.295234e-01  178 1.347483e+00
 1.328967e-01  179 1.357991e+00
 1.370809e-01  180 1.371137e+00
 1.398429e-01  181 1.379885e+00
 1.427666e-01  182 1.389206e+00
 1.470911e-01  183 1.403108e+00
 1.504727e-01  184 1.414076e+00
 1.536346e-01  185 1.424409e+00
 1.578121e-01  186 1.438176e+00
 1.612970e-01  187 1.449763e+00
 1.655763e-01  188 1.464119e+00
 1.683072e-01  189 1.473354e+00
 1.729246e-01  190 1.489103e+00
 1.756807e-01  191 1.498582e+00
 1.788963e-01  192 1.509720e+00
 1.814631e-01  193 1.518669e+00
 1.861009e-01  194 1.534974e+00
 1.875042e-01  195 1.539942e+00
 1.913496e-01  196 1.553637e+00
 1.947087e-01  197 1.565700e+00
 1.985477e-01  198 1.579602e+00
 2.025054e-01  199 1.594063e+00
 2.042648e-01  200 1.600534e+00
 2.086113e-01  201 1.616632e+00
 2.115076e-01  202 1.627450e+00
 2.159422e-01  203 1.644153e+00
 2.193600e-01  204 1.657143e+00
 2.228071e-01  205 1.670349e+00
 2.273656e-01  206 1.687973e+00
 2.310826e-01  207 1.702482e+00
 2.350571e-01  208 1.718134e+00
 2.386543e-01  209 1.732424e+00
 2.423007e-01  210 1.747031e+00
 2.463712e-01  211 1.763483e+00
 2.494451e-01  212 1.776009e+00
 2.534720e-01  213 1.792553e+00
 2.574627e-01  214 1.809100e+00
 2.606254e-01  215 1.822323e+00
 2.662320e-01  216 1.846001e+00
 2.682340e-01  217 1.854530e+00
 2.724713e-01  218 1.872713e+00
 2.763224e-01  219 1.889393e+00
 2.816544e-01  220 1.912733e+00
 2.872202e-01  221 1.937404e+00
 2.891953e-01  222 1.946235e+00
 2.956337e-01  223 1.975303e+00
 3.002321e-01  224 1.996329e+00
 3.043365e-01  225 2.015285e+00
 3.046413e-01  226 2.016700e+00
 3.119571e-01  227 2.050959e+00
 3.143031e-01  228 2.062068e+00
 3.165535e-01  229 2.072781e+00
 3.214977e-01  230 2.096514e+00
 3.259314e-01  231 2.118026e+00
 3.307149e-01  232 2.141484e+00
 3.361566e-01  233 2.168486e+00
 3.410043e-01  234 2.192827e+00
 3.459705e-01  235 2.218046e+00
 3.475969e-01  236 2.226367e+00
 3.513246e-01  237 2.245559e+00
 3.557918e-01  238 2.268777e+00
 3.584174e-01  239 2.282535e+00
